{
 "cells": [
  {
   "cell_type": "code",
   "execution_count": 3,
   "metadata": {},
   "outputs": [],
   "source": [
    "import numpy as np\n",
    "\n",
    "from numpy.testing import assert_allclose"
   ]
  },
  {
   "cell_type": "markdown",
   "metadata": {},
   "source": [
    "# Part I. Construct a Householder reflection of a vector."
   ]
  },
  {
   "cell_type": "markdown",
   "metadata": {},
   "source": [
    "Given a vector $\\mathbf{x}$, and a plane with a normal vector $\\mathbf{u}$, the Householder transformation reflects $\\mathbf{x}$ about the plane.\n",
    "\n",
    "The matrix of the Householder transformation is\n",
    "\n",
    "$$\n",
    "\\mathbf{H} = \\mathbf{1} - 2 \\mathbf{u} \\mathbf{u}^T\n",
    "$$\n",
    "\n",
    "Given two equal-length vectors $\\mathbf{x}$ and $\\mathbf{y}$, a rotation which brings $\\mathbf{x}$ to $\\mathbf{y}$ is a Householder transform with\n",
    "\n",
    "$$\n",
    "\\mathbf{u} = \\frac{\\mathbf{x} - \\mathbf{y}}{||\\mathbf{x} - \\mathbf{y}||}\n",
    "$$"
   ]
  },
  {
   "cell_type": "code",
   "execution_count": 4,
   "metadata": {},
   "outputs": [],
   "source": [
    "def householder(vec):\n",
    "    \"\"\"Construct a Householder reflection to zero out 2nd and further components of a vector.\n",
    "\n",
    "    Parameters\n",
    "    ----------\n",
    "    vec : array-like of floats, shape (n,)\n",
    "        Input vector\n",
    "    \n",
    "    Returns\n",
    "    -------\n",
    "    outvec : array of floats, shape (n,)\n",
    "        Transformed vector, with ``outvec[1:]==0`` and ``|outvec| == |vec|``\n",
    "    H : array of floats, shape (n, n)\n",
    "        Orthogonal matrix of the Householder reflection\n",
    "    \"\"\"\n",
    "    \n",
    "    vec = np.asarray(vec, dtype=float)\n",
    "    if vec.ndim != 1:\n",
    "        raise ValueError(\"vec.ndim = %s, expected 1\" % vec.ndim)\n",
    "    \n",
    "   \n",
    "    \n",
    "    y = np.zeros(len(vec))\n",
    "    y[0] = np.linalg.norm(vec)\n",
    "\n",
    "    u = (vec-y)/(np.linalg.norm(vec-y))\n",
    "    u = np.reshape(u,(len(vec), 1))\n",
    "    u_t = np.reshape(u,(1, len(vec)))\n",
    "    U = 2*np.dot(u, u_t)\n",
    "    H = np.identity(len(vec)) - U\n",
    "    return y,H"
   ]
  },
  {
   "cell_type": "code",
   "execution_count": 5,
   "metadata": {},
   "outputs": [
    {
     "ename": "AssertionError",
     "evalue": "\nNot equal to tolerance rtol=1e-07, atol=0\n\n(mismatch 33.33333333333333%)\n x: array([ 3.741657e+00,  0.000000e+00, -1.110223e-16])\n y: array([3.741657, 0.      , 0.      ])",
     "output_type": "error",
     "traceback": [
      "\u001b[0;31m---------------------------------------------------------------------------\u001b[0m",
      "\u001b[0;31mAssertionError\u001b[0m                            Traceback (most recent call last)",
      "\u001b[0;32m<ipython-input-5-5ea4b5f69389>\u001b[0m in \u001b[0;36m<module>\u001b[0;34m()\u001b[0m\n\u001b[1;32m      5\u001b[0m \u001b[0;34m\u001b[0m\u001b[0m\n\u001b[1;32m      6\u001b[0m \u001b[0massert_allclose\u001b[0m\u001b[0;34m(\u001b[0m\u001b[0mnp\u001b[0m\u001b[0;34m.\u001b[0m\u001b[0mdot\u001b[0m\u001b[0;34m(\u001b[0m\u001b[0mh\u001b[0m\u001b[0;34m,\u001b[0m \u001b[0mv1\u001b[0m\u001b[0;34m)\u001b[0m\u001b[0;34m,\u001b[0m \u001b[0mv\u001b[0m\u001b[0;34m)\u001b[0m\u001b[0;34m\u001b[0m\u001b[0m\n\u001b[0;32m----> 7\u001b[0;31m \u001b[0massert_allclose\u001b[0m\u001b[0;34m(\u001b[0m\u001b[0mnp\u001b[0m\u001b[0;34m.\u001b[0m\u001b[0mdot\u001b[0m\u001b[0;34m(\u001b[0m\u001b[0mh\u001b[0m\u001b[0;34m,\u001b[0m \u001b[0mv\u001b[0m\u001b[0;34m)\u001b[0m\u001b[0;34m,\u001b[0m \u001b[0mv1\u001b[0m\u001b[0;34m)\u001b[0m\u001b[0;34m\u001b[0m\u001b[0m\n\u001b[0m",
      "\u001b[0;32m/Library/Frameworks/Python.framework/Versions/3.6/lib/python3.6/site-packages/numpy/testing/_private/utils.py\u001b[0m in \u001b[0;36massert_allclose\u001b[0;34m(actual, desired, rtol, atol, equal_nan, err_msg, verbose)\u001b[0m\n\u001b[1;32m   1450\u001b[0m     \u001b[0mheader\u001b[0m \u001b[0;34m=\u001b[0m \u001b[0;34m'Not equal to tolerance rtol=%g, atol=%g'\u001b[0m \u001b[0;34m%\u001b[0m \u001b[0;34m(\u001b[0m\u001b[0mrtol\u001b[0m\u001b[0;34m,\u001b[0m \u001b[0matol\u001b[0m\u001b[0;34m)\u001b[0m\u001b[0;34m\u001b[0m\u001b[0m\n\u001b[1;32m   1451\u001b[0m     assert_array_compare(compare, actual, desired, err_msg=str(err_msg),\n\u001b[0;32m-> 1452\u001b[0;31m                          verbose=verbose, header=header, equal_nan=equal_nan)\n\u001b[0m\u001b[1;32m   1453\u001b[0m \u001b[0;34m\u001b[0m\u001b[0m\n\u001b[1;32m   1454\u001b[0m \u001b[0;34m\u001b[0m\u001b[0m\n",
      "\u001b[0;32m/Library/Frameworks/Python.framework/Versions/3.6/lib/python3.6/site-packages/numpy/testing/_private/utils.py\u001b[0m in \u001b[0;36massert_array_compare\u001b[0;34m(comparison, x, y, err_msg, verbose, header, precision, equal_nan, equal_inf)\u001b[0m\n\u001b[1;32m    787\u001b[0m                                 \u001b[0mverbose\u001b[0m\u001b[0;34m=\u001b[0m\u001b[0mverbose\u001b[0m\u001b[0;34m,\u001b[0m \u001b[0mheader\u001b[0m\u001b[0;34m=\u001b[0m\u001b[0mheader\u001b[0m\u001b[0;34m,\u001b[0m\u001b[0;34m\u001b[0m\u001b[0m\n\u001b[1;32m    788\u001b[0m                                 names=('x', 'y'), precision=precision)\n\u001b[0;32m--> 789\u001b[0;31m             \u001b[0;32mraise\u001b[0m \u001b[0mAssertionError\u001b[0m\u001b[0;34m(\u001b[0m\u001b[0mmsg\u001b[0m\u001b[0;34m)\u001b[0m\u001b[0;34m\u001b[0m\u001b[0m\n\u001b[0m\u001b[1;32m    790\u001b[0m     \u001b[0;32mexcept\u001b[0m \u001b[0mValueError\u001b[0m\u001b[0;34m:\u001b[0m\u001b[0;34m\u001b[0m\u001b[0m\n\u001b[1;32m    791\u001b[0m         \u001b[0;32mimport\u001b[0m \u001b[0mtraceback\u001b[0m\u001b[0;34m\u001b[0m\u001b[0m\n",
      "\u001b[0;31mAssertionError\u001b[0m: \nNot equal to tolerance rtol=1e-07, atol=0\n\n(mismatch 33.33333333333333%)\n x: array([ 3.741657e+00,  0.000000e+00, -1.110223e-16])\n y: array([3.741657, 0.      , 0.      ])"
     ]
    }
   ],
   "source": [
    "# Test (marked)\n",
    "\n",
    "v = np.array([1, 2, 3])\n",
    "v1, h = householder(v)\n",
    "\n",
    "assert_allclose(np.dot(h, v1), v)\n",
    "assert_allclose(np.dot(h, v), v1)"
   ]
  },
  {
   "cell_type": "code",
   "execution_count": 6,
   "metadata": {},
   "outputs": [
    {
     "name": "stdout",
     "output_type": "stream",
     "text": [
      "[0.19151945 0.62210877 0.43772774 0.78535858 0.77997581 0.27259261\n",
      " 0.27646426]\n",
      "[1.4110968 0.        0.        0.        0.        0.        0.       ]\n",
      "[[ 0.13572382  0.44086895  0.31020391  0.55655897  0.55274437  0.19317782\n",
      "   0.19592154]\n",
      " [ 0.44086895  0.77511189 -0.15823561 -0.28390181 -0.28195597 -0.09854038\n",
      "  -0.09993996]\n",
      " [ 0.31020391 -0.15823561  0.88866237 -0.19975879 -0.19838967 -0.06933491\n",
      "  -0.07031968]\n",
      " [ 0.55655897 -0.28390181 -0.19975879  0.64159849 -0.35594506 -0.12439872\n",
      "  -0.12616556]\n",
      " [ 0.55274437 -0.28195597 -0.19838967 -0.35594506  0.64649455 -0.1235461\n",
      "  -0.12530083]\n",
      " [ 0.19317782 -0.09854038 -0.06933491 -0.12439872 -0.1235461   0.95682205\n",
      "  -0.04379121]\n",
      " [ 0.19592154 -0.09993996 -0.07031968 -0.12616556 -0.12530083 -0.04379121\n",
      "   0.95558683]]\n"
     ]
    }
   ],
   "source": [
    "rndm = np.random.RandomState(1234)\n",
    "\n",
    "vec = rndm.uniform(size=7)\n",
    "v1, h = householder(vec)\n",
    "print(vec)\n",
    "print(v1)\n",
    "print(h)\n",
    "\n",
    "assert_allclose(np.dot(h, v1), vec)"
   ]
  },
  {
   "cell_type": "markdown",
   "metadata": {},
   "source": [
    "# Part II. Compute the QR decomposition of a matrix.\n",
    "\n",
    "Given a rectangular $m\\times n$ matrix $\\mathbf{A}$, construct a Householder reflector matrix $\\mathbf{H}_1$ which transforms the first column of $\\mathbf{A}$ (and call the result $\\mathbf{A}^{(1)}$)\n",
    "\n",
    "$$\n",
    "\\mathbf{H}_1 \\mathbf{A} =%\n",
    "\\begin{pmatrix}\n",
    "\\times & \\times & \\times & \\dots & \\times \\\\\n",
    "0      & \\times & \\times & \\dots & \\times \\\\\n",
    "0      & \\times & \\times & \\dots & \\times \\\\\n",
    "&& \\dots&& \\\\\n",
    "0      & \\times & \\times & \\dots & \\times \\\\\n",
    "\\end{pmatrix}%\n",
    "\\equiv \\mathbf{A}^{(1)}\\;.\n",
    "$$\n",
    "\n",
    "Now consider the lower-right submatrix of $\\mathbf{A}^{(1)}$, and construct a Householder reflector which annihilates the second column of $\\mathbf{A}$:\n",
    "\n",
    "$$\n",
    "\\mathbf{H}_2 \\mathbf{A}^{(1)} =%\n",
    "\\begin{pmatrix}\n",
    "\\times & \\times & \\times & \\dots & \\times \\\\\n",
    "0      & \\times & \\times & \\dots & \\times \\\\\n",
    "0      & 0      & \\times & \\dots & \\times \\\\\n",
    "&& \\dots&& \\\\\n",
    "0      & 0      & \\times & \\dots & \\times \\\\\n",
    "\\end{pmatrix}%\n",
    "\\equiv \\mathbf{A}^{(2)} \\;.\n",
    "$$\n",
    "\n",
    "Repeating the process $n-1$ times, we obtain\n",
    "\n",
    "$$\n",
    "\\mathbf{H}_{n-1} \\cdots \\mathbf{H}_2 \\mathbf{H}_1 \\mathbf{A} = \\mathbf{R} \\;,\n",
    "$$\n",
    "\n",
    "with $\\mathbf{R}$ an upper triangular matrix. Since each $\\mathbf{H}_k$ is orthogonal, so is their product. The inverse of an orthogonal matrix is orthogonal. Hence the process generates the $QR$ decomposition of $\\mathbf{A}$. "
   ]
  },
  {
   "cell_type": "code",
   "execution_count": 246,
   "metadata": {},
   "outputs": [],
   "source": [
    "def qr_decomp(a):\n",
    "    \"\"\"Compute the QR decomposition of a matrix.\n",
    "    \n",
    "    Parameters\n",
    "    ----------\n",
    "    a : ndarray, shape(m, n)\n",
    "        The input matrix\n",
    "    \n",
    "    Returns\n",
    "    -------\n",
    "    q : ndarray, shape(m, m)\n",
    "        The orthogonal matrix\n",
    "    r : ndarray, shape(m, n)\n",
    "        The upper triangular matrix\n",
    "        \n",
    "    Examples\n",
    "    --------\n",
    "    >>> a = np.random.random(size=(3, 5))\n",
    "    >>> q, r = qr_decomp(a)\n",
    "    >>> np.assert_allclose(np.dot(q, r), a)\n",
    "    \n",
    "    \"\"\"\n",
    "    a1 = np.array(a, copy=True, dtype=float)\n",
    "    m, n = a1.shape\n",
    "    R = np.copy(a1)\n",
    "    Q = np.identity(m)\n",
    "    \n",
    "    for i in range(0,n):\n",
    "        a1 = R[i:,i:]\n",
    "        z = a1[:,0]\n",
    "        v,H = householder(z)\n",
    "        H2 = np.identity(m)\n",
    "        H2[i:,i:]=H\n",
    "        \n",
    "        Q = np.dot(H2,Q)\n",
    "        print(\"Q: \", Q)\n",
    "        print()\n",
    "        R = np.dot(H2,R)\n",
    "    Q_i = np.linalg.inv(Q)\n",
    "    return Q_i,R"
   ]
  },
  {
   "cell_type": "code",
   "execution_count": 247,
   "metadata": {},
   "outputs": [],
   "source": [
    "# Might want to turn this on for prettier printing: zeros instead of `1e-16` etc\n",
    "\n",
    "np.set_printoptions(suppress=True)"
   ]
  },
  {
   "cell_type": "code",
   "execution_count": 248,
   "metadata": {},
   "outputs": [
    {
     "name": "stdout",
     "output_type": "stream",
     "text": [
      "Q:  [[ 0.13665049  0.56035895  0.19725922  0.62498418  0.48765568]\n",
      " [ 0.56035895  0.63629775 -0.12803154 -0.4056474  -0.31651402]\n",
      " [ 0.19725922 -0.12803154  0.95492996 -0.1427972  -0.1114202 ]\n",
      " [ 0.62498418 -0.4056474  -0.1427972   0.54756999 -0.35301704]\n",
      " [ 0.48765568 -0.31651402 -0.1114202  -0.35301704  0.72455181]]\n",
      "\n",
      "Q:  [[ 0.13665049  0.56035895  0.19725922  0.62498418  0.48765568]\n",
      " [ 0.53601299  0.0935397   0.65948912 -0.50418303  0.12171264]\n",
      " [ 0.23134244  0.63180474 -0.14756271 -0.00485185 -0.72491735]\n",
      " [ 0.61992112 -0.51852103  0.02097802  0.52707821 -0.26188207]\n",
      " [ 0.50615728  0.09595252 -0.709893   -0.27813533  0.39152342]]\n",
      "\n",
      "Q:  [[ 0.13665049  0.56035895  0.19725922  0.62498418  0.48765568]\n",
      " [ 0.53601299  0.0935397   0.65948912 -0.50418303  0.12171264]\n",
      " [-0.09369752 -0.53326881  0.60068463  0.52144688 -0.27224305]\n",
      " [ 0.7697136   0.01839528 -0.32384673  0.28453698 -0.47049398]\n",
      " [ 0.30459557 -0.62652547 -0.24589462  0.04822969  0.67223293]]\n",
      "\n"
     ]
    }
   ],
   "source": [
    "# Test (marked)\n",
    "\n",
    "rndm = np.random.RandomState(1234)\n",
    "a = rndm.uniform(size=(5, 3))\n",
    "q, r = qr_decomp(a)\n",
    "\n",
    "# test that Q is indeed orthogonal\n",
    "assert_allclose(np.dot(q, q.T), np.eye(5), atol=1e-10)\n",
    "\n",
    "# test the decomposition itself\n",
    "assert_allclose(np.dot(q, r), a)"
   ]
  },
  {
   "cell_type": "markdown",
   "metadata": {},
   "source": [
    "Now compare your decompositions to the library function (which actually wraps the corresponding LAPACK functions)"
   ]
  },
  {
   "cell_type": "code",
   "execution_count": 249,
   "metadata": {},
   "outputs": [],
   "source": [
    "from scipy.linalg import qr\n",
    "qq, rr = qr(a)\n",
    "\n",
    "assert_allclose(np.dot(qq, rr), a)"
   ]
  },
  {
   "cell_type": "markdown",
   "metadata": {},
   "source": [
    "Check if your `q` and `r` agree with `qq` and `rr`. Explain."
   ]
  },
  {
   "cell_type": "code",
   "execution_count": 250,
   "metadata": {},
   "outputs": [
    {
     "name": "stdout",
     "output_type": "stream",
     "text": [
      "[[ 1.40152769  1.2514379   0.89523615]\n",
      " [ 0.          0.84158252  0.68447942]\n",
      " [-0.         -0.          0.5496046 ]\n",
      " [ 0.          0.          0.        ]\n",
      " [ 0.         -0.         -0.        ]]\n",
      "[[ 0.13665049  0.53601299 -0.09369752  0.7697136   0.30459557]\n",
      " [ 0.56035895  0.0935397  -0.53326881  0.01839528 -0.62652547]\n",
      " [ 0.19725922  0.65948912  0.60068463 -0.32384673 -0.24589462]\n",
      " [ 0.62498418 -0.50418303  0.52144688  0.28453698  0.04822969]\n",
      " [ 0.48765568  0.12171264 -0.27224305 -0.47049398  0.67223293]]\n"
     ]
    }
   ],
   "source": [
    "print(r)\n",
    "print(q)"
   ]
  },
  {
   "cell_type": "code",
   "execution_count": 251,
   "metadata": {},
   "outputs": [
    {
     "name": "stdout",
     "output_type": "stream",
     "text": [
      "[[-1.40152769 -1.2514379  -0.89523615]\n",
      " [ 0.          0.84158252  0.68447942]\n",
      " [ 0.          0.         -0.5496046 ]\n",
      " [ 0.          0.          0.        ]\n",
      " [ 0.          0.          0.        ]]\n",
      "[[-0.13665049  0.53601299  0.09369752  0.661619   -0.49749149]\n",
      " [-0.56035895  0.0935397   0.53326881 -0.52477245 -0.34276292]\n",
      " [-0.19725922  0.65948912 -0.60068463 -0.37879015  0.14784752]\n",
      " [-0.62498418 -0.50418303 -0.52144688  0.18967657 -0.21750907]\n",
      " [-0.48765568  0.12171264  0.27224305  0.32774225  0.75222783]]\n"
     ]
    }
   ],
   "source": [
    "print(rr)\n",
    "print(qq)"
   ]
  },
  {
   "cell_type": "markdown",
   "metadata": {},
   "source": [
    "*Enter your explanation here (Russian or English, up to you)*"
   ]
  },
  {
   "cell_type": "markdown",
   "metadata": {},
   "source": [
    "Матрицы R отличаются только знаками, в то время как матрицы Q совпадают только первыми тремя столбцами (не учитывая знаков). Это можно объснить тем, что при QR-разложении проводится $min(m,n)$ операций (в данном случае, 3), а начальные матрицы Q в бибилотечном и ручном вариантах не сопадают. Различие в знаках не влияет на разложение, так как матрицы перемножаются"
   ]
  },
  {
   "cell_type": "markdown",
   "metadata": {},
   "source": [
    "# Part III. Avoid forming Householder matrices explicitly."
   ]
  },
  {
   "cell_type": "markdown",
   "metadata": {},
   "source": [
    "Note the special structure of the Householder matrices: A reflector $\\mathbf{H}$ is completely specified by a reflection vector $\\mathbf{u}$. Also note that the computational cost of applying a reflector to a matrix strongly depends on the order of operations:\n",
    "\n",
    "$$\n",
    "\\left( \\mathbf{u} \\mathbf{u}^T \\right) \\mathbf{A}  \\qquad \\textrm{is } O(m^2 n)\\;,\n",
    "$$\n",
    "while\n",
    "$$\n",
    "\\mathbf{u} \\left( \\mathbf{u}^T \\mathbf{A} \\right) \\qquad \\textrm{is } O(mn)\n",
    "$$\n",
    "\n",
    "Thus, it seems to make sense to *avoid* forming the $\\mathbf{H}$ matrices. Instead, one stores the reflection vectors, $\\mathbf{u}$, themselves, and provides a way of multiplying an arbitrary matrix by $\\mathbf{Q}^T$, e.g., as a standalone function (or a class)."
   ]
  },
  {
   "cell_type": "markdown",
   "metadata": {},
   "source": [
    "Write a function which constructs the `QR` decomposition of a matrix *without ever forming the* $\\mathbf{H}$ matrices, and returns the $\\mathbf{R}$ matrix and reflection vectors. Write a second function, which uses the reflection vertices to multiply a matrix with $\\mathbf{Q}^T$. Make sure to include enough comments for a marker to follow your implementation, and add tests."
   ]
  },
  {
   "cell_type": "code",
   "execution_count": 262,
   "metadata": {},
   "outputs": [],
   "source": [
    "def get_vec(vec):\n",
    "    \"\"\"Construct a Householder reflection to zero out 2nd and further components of a vector.\"\"\"\n",
    "    \n",
    "    vec = np.asarray(vec, dtype=float)\n",
    "    if vec.ndim != 1:\n",
    "        raise ValueError(\"vec.ndim = %s, expected 1\" % vec.ndim)\n",
    "    \n",
    "    y = np.zeros(len(vec))\n",
    "    y[0] = np.linalg.norm(vec)\n",
    "\n",
    "    u = (vec-y)/(np.linalg.norm(vec-y))\n",
    "    u = np.reshape(u,(len(vec), 1))\n",
    "    return u"
   ]
  },
  {
   "cell_type": "code",
   "execution_count": 287,
   "metadata": {},
   "outputs": [],
   "source": [
    "def qr_decomp_wo_H(a):\n",
    "    \"\"\"Compute the QR decomposition of a matrix.\"\"\"\n",
    "    \n",
    "    a1 = np.array(a, copy=True, dtype=float)\n",
    "    m, n = a1.shape\n",
    "    lst = [] # list of u-vectors\n",
    "    R = np.copy(a1)\n",
    "    \n",
    "    for i in range(min(m,n)):\n",
    "        z = np.zeros(m)\n",
    "        \n",
    "        a = R[i:,i:]\n",
    "        u = a[:,0]\n",
    "        u = get_vec(u)\n",
    " \n",
    "        z[i:]=u\n",
    "        lst.append(z)\n",
    "        R = R - 2*np.outer(z,np.dot(z,R))\n",
    "        #print(\"R: \", R)\n",
    "        #print()\n",
    "    return lst,R"
   ]
  },
  {
   "cell_type": "code",
   "execution_count": 288,
   "metadata": {},
   "outputs": [],
   "source": [
    "ls,r3 = qr_decomp_wo_H(a)"
   ]
  },
  {
   "cell_type": "code",
   "execution_count": 289,
   "metadata": {},
   "outputs": [
    {
     "name": "stdout",
     "output_type": "stream",
     "text": [
      "[[-1.40152769 -1.2514379  -0.89523615]\n",
      " [ 0.          0.84158252  0.68447942]\n",
      " [ 0.          0.         -0.5496046 ]\n",
      " [ 0.          0.          0.        ]\n",
      " [ 0.          0.          0.        ]]\n"
     ]
    }
   ],
   "source": [
    "print(rr)"
   ]
  },
  {
   "cell_type": "code",
   "execution_count": 290,
   "metadata": {},
   "outputs": [
    {
     "name": "stdout",
     "output_type": "stream",
     "text": [
      "[[ 1.40152769  1.2514379   0.89523615]\n",
      " [ 0.          0.84158252  0.68447942]\n",
      " [-0.         -0.          0.5496046 ]\n",
      " [ 0.          0.         -0.        ]\n",
      " [ 0.         -0.          0.        ]]\n"
     ]
    }
   ],
   "source": [
    "print(r3)"
   ]
  },
  {
   "cell_type": "code",
   "execution_count": 291,
   "metadata": {},
   "outputs": [
    {
     "name": "stdout",
     "output_type": "stream",
     "text": [
      "[[ 1.40152769  1.2514379   0.89523615]\n",
      " [ 0.          0.84158252  0.68447942]\n",
      " [-0.         -0.          0.5496046 ]\n",
      " [ 0.          0.          0.        ]\n",
      " [ 0.         -0.         -0.        ]]\n"
     ]
    }
   ],
   "source": [
    "print(r)"
   ]
  },
  {
   "cell_type": "code",
   "execution_count": 293,
   "metadata": {},
   "outputs": [],
   "source": [
    "def mult(a,lst):\n",
    "    \"\"\"Compute the Q by multiplyng u-vectors from list\"\"\"\n",
    "    a1=np.copy(a)\n",
    "    for u in lst:\n",
    "        X = 2*np.outer(u,np.dot(u,a1))\n",
    "        a1 = a1 - X\n",
    "    return a1"
   ]
  },
  {
   "cell_type": "code",
   "execution_count": 294,
   "metadata": {},
   "outputs": [
    {
     "name": "stdout",
     "output_type": "stream",
     "text": [
      "[[ 1.40152769  1.2514379   0.89523615]\n",
      " [ 0.          0.84158252  0.68447942]\n",
      " [-0.         -0.          0.5496046 ]\n",
      " [ 0.          0.         -0.        ]\n",
      " [ 0.         -0.          0.        ]]\n"
     ]
    }
   ],
   "source": [
    "r4 = mult(a,ls)\n",
    "print(r4)"
   ]
  },
  {
   "cell_type": "markdown",
   "metadata": {},
   "source": [
    "Все полученные матрицы совпадают"
   ]
  },
  {
   "cell_type": "code",
   "execution_count": null,
   "metadata": {},
   "outputs": [],
   "source": []
  }
 ],
 "metadata": {
  "kernelspec": {
   "display_name": "Python 3",
   "language": "python",
   "name": "python3"
  },
  "language_info": {
   "codemirror_mode": {
    "name": "ipython",
    "version": 3
   },
   "file_extension": ".py",
   "mimetype": "text/x-python",
   "name": "python",
   "nbconvert_exporter": "python",
   "pygments_lexer": "ipython3",
   "version": "3.6.5"
  }
 },
 "nbformat": 4,
 "nbformat_minor": 2
}
